[[ 0, 58.288865], 
 [ 1, 58.675404], 
 [ 2, 58.191156], 
 [ 3, 58.929794], 
 [ 4, 58.589334], 
 [ 5, 59.305022], 
 [ 6, 59.178978], 
 [ 7, 59.240034], 
 [ 8, 58.947999], 
 [ 9, 59.499223], 
 [10, 60.886201], 
 [11, 60.371090], 
 [12, 61.140704], 
 [13, 60.870646], 
 [14, 60.802101], 
 [15, 62.209024], 
 [16, 61.855817], 
 [17, 61.910298], 
 [18, 62.766186], 
 [19, 62.780246], 
 [20, 64.043998], 
 [21, 64.946782], 
 [22, 64.539373], 
 [23, 64.567098], 
 [24, 66.670790], 
 [25, 66.862644], 
 [26, 66.597007], 
 [27, 67.411197], 
 [28, 68.919856], 
 [29, 69.082991], 
 [30, 68.055592], 
 [31, 69.899246], 
 [32, 71.951278], 
 [33, 72.847830], 
 [34, 73.354237], 
 [35, 73.429016], 
 [36, 75.364380], 
 [37, 75.828872], 
 [38, 76.704389], 
 [39, 77.391686], 
 [40, 78.898981], 
 [41, 79.862474], 
 [42, 80.640472], 
 [43, 82.208540], 
 [44, 82.433459], 
 [45, 83.868338], 
 [46, 85.356649], 
 [47, 85.069090], 
 [48, 86.753603], 
 [49, 88.299342], 
 [50, 89.988152]]
