[[0.000000, 0.000247],
 [0.000010, 0.000252],
 [0.000020, 0.000227],
 [0.000030, 0.000234],
 [0.000040, 0.000235],
 [0.000051, 0.000217],
 [0.000061, 0.000222],
 [0.000071, 0.000228],
 [0.000081, 0.000211],
 [0.000091, 0.000211],
 [0.000101, 0.000208],
 [0.000111, 0.000200],
 [0.000121, 0.000206],
 [0.000131, 0.000214],
 [0.000141, 0.000196],
 [0.000152, 0.000201],
 [0.000162, 0.000190],
 [0.000172, 0.000197],
 [0.000182, 0.000185],
 [0.000192, 0.000193],
 [0.000202, 0.000184],
 [0.000212, 0.000181],
 [0.000222, 0.000181],
 [0.000232, 0.000182],
 [0.000242, 0.000169],
 [0.000253, 0.000167],
 [0.000263, 0.000168],
 [0.000273, 0.000160],
 [0.000283, 0.000168],
 [0.000293, 0.000160],
 [0.000303, 0.000158],
 [0.000313, 0.000170],
 [0.000323, 0.000156],
 [0.000333, 0.000153],
 [0.000343, 0.000148],
 [0.000354, 0.000154],
 [0.000364, 0.000145],
 [0.000374, 0.000144],
 [0.000384, 0.000141],
 [0.000394, 0.000137],
 [0.000404, 0.000143],
 [0.000414, 0.000144],
 [0.000424, 0.000134],
 [0.000434, 0.000136],
 [0.000444, 0.000135],
 [0.000455, 0.000132],
 [0.000465, 0.000128],
 [0.000475, 0.000129],
 [0.000485, 0.000126],
 [0.000495, 0.000132],
 [0.000505, 0.000124],
 [0.000515, 0.000122],
 [0.000525, 0.000119],
 [0.000535, 0.000112],
 [0.000545, 0.000109],
 [0.000556, 0.000122],
 [0.000566, 0.000114],
 [0.000576, 0.000110],
 [0.000586, 0.000106],
 [0.000596, 0.000109],
 [0.000606, 0.000109],
 [0.000616, 0.000102],
 [0.000626, 0.000108],
 [0.000636, 0.000100],
 [0.000646, 0.000101],
 [0.000657, 0.000104],
 [0.000667, 0.000103],
 [0.000677, 0.000096],
 [0.000687, 0.000096],
 [0.000697, 0.000094],
 [0.000707, 0.000094],
 [0.000717, 0.000088],
 [0.000727, 0.000091],
 [0.000737, 0.000084],
 [0.000747, 0.000090],
 [0.000758, 0.000084],
 [0.000768, 0.000085],
 [0.000778, 0.000088],
 [0.000788, 0.000086],
 [0.000798, 0.000081],
 [0.000808, 0.000083],
 [0.000818, 0.000085],
 [0.000828, 0.000078],
 [0.000838, 0.000078],
 [0.000848, 0.000080],
 [0.000859, 0.000077],
 [0.000869, 0.000074],
 [0.000879, 0.000074],
 [0.000889, 0.000076],
 [0.000899, 0.000073],
 [0.000909, 0.000074],
 [0.000919, 0.000068],
 [0.000929, 0.000069],
 [0.000939, 0.000068],
 [0.000949, 0.000062],
 [0.000960, 0.000067],
 [0.000970, 0.000066],
 [0.000980, 0.000069],
 [0.000990, 0.000065],
 [0.001000, 0.000059]]
